0.021483 80
2.403766 1
0.103344 1
0.084118 1
0.085392 1
0.260867 34
0.060635 28
0.000071 2
0.064229 80
2.576957 1
0.440850 1
0.116463 1
0.145593 1
0.132940 1
0.097267 1
0.156666 1
0.418119 1
3.743348 1
0.163770 1
0.162883 1
0.102502 1
0.104442 1
0.118974 1
0.442707 2
0.000584 48
0.000029 2
0.000220 80
1.025290 14
0.357479 1
0.161096 1
0.164912 1
0.186521 1
0.368387 3
0.207436 3
0.314406 19
0.359850 6
0.255326 36
0.161452 2
0.798850 74
0.307540 41
0.164682 13
0.696020 9
1.027989 47
0.000641 80
0.602035 14
0.752377 10
0.527981 21
0.154603 6
0.330803 36
0.170692 2
0.166475 74
0.450299 41
0.579193 13
1.550681 2
0.000050 47
0.000112 2
0.000231 80
2.366059 13
0.454918 9
0.182101 10
0.189892 21
0.204093 6
0.377327 36
3.252793 2
2.345933 74
0.952328 2
0.000500 13
0.000039 2
0.000020 8
0.000016 2
0.000018 8
0.000016 2
0.000017 8
0.000016 2
0.000017 2
0.000085 13
0.000019 2
0.000017 8
0.000016 2
0.000018 8
0.000016 2
0.000017 8
0.000016 2
0.000017 2
0.000029 13
0.000017 2
0.000018 8
0.000016 2
0.000016 8
0.000016 2
0.000017 8
0.000016 2
0.000017 2
0.000017 12
0.000016 2
0.000018 13
0.000017 2
0.000018 8
0.000016 2
0.000017 8
0.000015 2
0.000017 8
0.000016 2
0.000016 2
0.000321 80
1.405511 26
0.253312 40
0.188883 9
0.612309 10
0.199806 21
0.197387 6
0.338995 36
0.218386 2
1.049548 74
2.571845 4
0.304834 1
0.612648 49
0.000098 12
0.000057 2
0.000023 13
0.000020 2
0.000021 8
0.000019 2
0.000021 8
0.000019 2
0.000020 8
0.000019 2
0.000022 2
0.000257 80
1.486597 26
0.875635 1
0.501518 1
0.031658 1
0.029830 1
0.030452 1
0.030455 1
0.030837 1
0.031398 1
0.030829 1
0.032018 1
0.329640 1
0.181058 1
0.156780 1
0.160736 1
0.159425 1
0.160819 1
0.165132 1
0.190627 1
0.550395 5
0.200192 5
0.752969 49
0.000045 12
0.000045 2
0.000019 13
0.000016 2
0.000017 8
0.000016 2
0.000017 8
0.000016 2
0.000017 8
0.000017 2
0.000016 2
0.000283 80
1.325216 26
0.495507 1
0.499478 1
0.030711 1
0.030786 1
0.032000 1
0.030955 1
0.030455 1
0.030328 1
0.031130 1
0.030999 1
0.030573 1
0.030759 1
0.170926 1
0.174508 1
0.163489 1
0.164602 1
0.178672 1
0.189597 1
0.263511 1
0.447887 3
0.224406 5
0.314689 47
0.000189 80
1.165214 27
0.285481 1
0.501018 1
0.030811 1
0.031231 1
0.030344 1
0.030693 1
0.030379 1
0.030343 1
0.030447 1
0.029482 1
0.031358 1
0.029994 1
0.135023 1
0.172608 1
0.175069 1
0.181462 1
0.167699 1
0.352397 1
2.347739 5
0.430705 5
0.473893 3
0.499950 3
0.030398 3
0.029981 3
0.030590 3
0.031344 3
0.030200 3
0.031319 3
0.029640 3
0.031108 3
0.031618 3
0.031326 3
0.030600 3
0.166730 3
0.176831 3
0.169199 3
0.163820 3
0.157116 3
0.312981 4
0.185068 1
0.239109 49
0.000343 13
0.000033 2
0.000029 8
0.000021 2
0.000020 8
0.000019 2
0.000022 8
0.000019 2
0.000020 2
0.000064 13
0.000020 2
0.000020 8
0.000019 2
0.000020 8
0.000019 2
0.000020 8
0.000019 2
0.000020 2
0.000021 12
0.000019 2
0.000020 13
0.000019 2
0.000020 8
0.000019 2
0.000020 8
0.000019 2
0.000020 8
0.000019 2
0.000019 2
0.000399 80
1.642485 1
0.087698 1
0.104644 1
0.477297 4
0.162808 4
0.169521 4
0.153527 1
0.568606 6
